https://oeis.org

Triangular numbers: C(n+1,2) = n(n+1)/2
1, 3, 6, 10, 15, 21, 28, 36, 45, 55, 66, 78, 91, 105, 120, 136, 153, 171, 190, 210, 231, 253, 276, 300, 325, 351, 378, 406, 435, 465, 496, 528, 561, 595, 630, 666, 703, 741, 780, 820, 861, 903, 946, 990, 1035, 1081, 1128, 1176, 1225, 1275, 1326, 1378, 1431

Tetrahedral (or triangular pyramidal) numbers: C(n+2,3) = n*(n+1)*(n+2)/6
1, 4, 10, 20, 35, 56, 84, 120, 165, 220, 286, 364, 455, 560, 680, 816, 969, 1140, 1330, 1540, 1771, 2024, 2300, 2600, 2925, 3276, 3654, 4060, 4495, 4960, 5456, 5984, 6545, 7140, 7770, 8436, 9139, 9880, 10660, 11480, 12341, 13244, 14190, 15180

Square Pyramidal numbers: n*(n+1)*(2*n+1)/6
1, 5, 14, 30, 55, 91, 140, 204, 285, 385, 506, 650, 819, 1015, 1240, 1496, 1785, 2109, 2470, 2870, 3311, 3795, 4324, 4900, 5525, 6201, 6930, 7714, 8555, 9455, 10416, 11440, 12529, 13685, 14910, 16206, 17575, 19019, 20540, 22140, 23821, 25585, 27434, 29370

Pentagonal numbers: n*(3*n-1)/2
1, 5, 12, 22, 35, 51, 70, 92, 117, 145, 176, 210, 247, 287, 330, 376, 425, 477, 532, 590, 651, 715, 782, 852, 925, 1001, 1080, 1162, 1247, 1335, 1426, 1520, 1617, 1717, 1820, 1926, 2035, 2147, 2262, 2380, 2501, 2625, 2752, 2882, 3015, 3151


Centered Hexagonal numbers: 3*n*(n+1)+1
1, 7, 19, 37, 61, 91, 127, 169, 217, 271, 331, 397, 469, 547, 631, 721, 817, 919, 1027, 1141, 1261, 1387, 1519, 1657, 1801, 1951, 2107, 2269, 2437, 2611, 2791, 2977, 3169, 3367, 3571, 3781, 3997, 4219, 4447, 4681, 4921, 5167, 5419, 5677, 5941, 6211, 6487

Octagonal numbers: n*(3*n-2)
Star numbers
1, 8, 21, 40, 65, 96, 133, 176, 225, 280, 341, 408, 481, 560, 645, 736, 833, 936, 1045, 1160, 1281, 1408, 1541, 1680, 1825, 1976, 2133, 2296, 2465, 2640, 2821, 3008, 3201, 3400, 3605, 3816, 4033, 4256, 4485, 4720, 4961, 5208, 5461

Number of isomers of polyhex hydrocarbons with C_(2h) symmetry with nineteen hexagons
3, 17, 66, 189, 589, 1677, 3829, 7948, 15649, 25543, 26931, 15472 

Number of isomers of polyhex hydrocarbons with C_(2v) symmetry with nineteen hexagons
3, 17, 14, 92, 60, 316, 175, 814, 495, 2323, 1402, 6037, 3113, 12851, 6200, 24710, 11851, 46152, 18123, 72151, 18007, 74547, 8970, 40141

----------------------------------------------------
Ones		Tens			final suffix
----------------------------------------------------
1 hen-		10 deca-		-gon 
2 do-		20 -cosa- 
3 tri-		30 triaconta- 
4 tetra-	40 tetraconta- 
5 penta-	50 pentaconta- 
6 hexa-		60 hexaconta- 
7 hepta-	70 heptaconta- 
8 octa-		80 octaconta- 
9 ennea-/nona-	90 enneaconta-/nonaconta- 
----------------------------------------------------

Examples:
7-gon  = hepta- -gon			= heptagon
19-gon = nona- deca- -gon 		= nonadecagon 
42-gon = do- tetraconta- -gon 		= dotetracontagon 
50-gon =     pentaconta- -gon		= pentacontagon 

N-gon (for N > 99)			= N-gon
100-gon					= 100-gon
